3.3735443491014947
2.1710555970127094
1.1267339767615137
1.5817714990532052
3.331611255918873
1.6339400804058077
1.5660614963643962
2.718520099019446
4.227351740631891
4.825088705383023
4.192727657455327
3.806523458433723
1.4065272580878947
1.1854021912878232
3.5234810848167943
2.0730541496038204
2.140473207583449
2.7095863597706495
2.3018816790270145
4.471236883867201
2.8081188778504313
4.777727843650261
4.397042621334695
1.577055789139738
1.1699290259963187
2.9610250795603315
2.8265824537451376
3.5069649323797747
1.5493208387476542
4.247108822991984
3.986917724332514
4.397239471911287
1.053513092773127
4.353044332388173
3.552931645874068
1.77136117262988
4.40717178954478
2.1417609202640384
3.0129616866913085
1.0318900583396475
3.5386238591795522
3.6303124661967052
4.433954644941746
3.3484263784664474
3.749814011500707
3.676029543344399
4.805543578090401
3.3734274210227384
1.1175891767267347
3.149277344709144
2.1907088752517696
3.5027973472183045
3.7152995535027378
3.2491925483464734
3.9145892746239275
3.8083249306815903
2.3101104328540205
4.59142739342952
4.151917933731169
3.3042014716922896
2.382828626970272
2.7945849622373307
2.527462431767605
4.870006065081032
4.63345011703411
2.514686990037155
2.7227556557577923
4.9377020018516555
1.577043544332808
4.224671177212448
4.586308729685433
1.9603452466374094
3.400989893451478
4.508571161224086
4.873406250070262
2.7153599603264564
4.946005612509211
3.23768913929132
2.4954873042556955
2.655396287513572
1.489781502934485
1.7187261722506264
4.038024036160294
1.8049361874136958
1.9534774605308907
4.751492916243441
4.30971543786405
3.110975233367264
2.217717421280418
2.506478855302762
2.8147190742619665
1.6912602247769914
4.426137825305656
1.2302153956930155
2.293551406819699
3.083720954750826
4.470945831828073
3.009021233124251
3.8571929663957842
2.385889900933717
3.2963527945833158
4.169380568151109
4.7428397415007595
2.083259889898161
4.222153829382546
1.3658545059023495
3.348650552337995
4.4006868078209465
2.1811282363409923
4.005086698788772
1.9587446007475493
4.171098913745638
3.5803461849628415
3.3771185704498277
2.448610855101015
2.500932932237308
1.4378694700094439
2.7128867730606316
2.264996023249365
3.9218716342369553
1.5127420685585036
4.359430215790223
1.1032450561556657
2.2536133632311652
3.337572461723536
4.361992079747812
2.958974191199363
3.0625636702817305
1.3794161354938943
4.964857147665619
3.6098629774347635
1.3864898325927664
1.9960712579136484
1.8904220084718948
2.0872562007422046
4.305341228941192
3.4213093836209
3.7286509562715766
2.3261767146161207
2.9735902777416703
2.703967399734947
3.366727087539354
1.9362513983610703
1.8896076719433919
3.3422334153226783
2.1113653750758115
2.914963584177904
4.462739869620503
4.295866181662936
2.003908309365852
4.128548496228856
1.348914743484797
3.125493958584086
2.8009839881065104
3.514754555131664
3.5607572345725647
3.1995437980198287
3.1911596799328628
1.2156019859839344
2.0183510334557653
1.2257592778669948
3.0406830481134817
1.2271735763791098
2.9919424751049144
2.805672118306463
2.8090572481422718
2.65738055731583
4.798034914290903
2.276796557430143
1.747853592790353
4.311552033446995
1.1454809867353402
4.798724390046254
4.093821104486576
2.0796032228795136
4.688335509058455
3.4557032289362546
4.190008849286544
1.4774430004881296
4.6273876790692565
4.089687566934614
1.3162736347026622
1.6991889255628712
4.612447349466623
3.644257309462699
4.983200726767052
4.665662173709563
3.7326181911069836
1.9912069153838003
3.5411215609080617
2.8085439885215595
4.041943503296189
2.5280117250028273
3.1785718342836082
2.7084779765464466
4.852970546636863
1.2757866005010272
4.732183595573873
4.209312021715214
4.9409322040885675
1.773757609446256
4.202667032331493
4.259577514126331
2.8364028562380446
3.757672232415349
3.4691913898448563
3.4862118672544447
2.5444419116102788
1.4259824779972194
4.417129137413914
1.384433340935185
1.313392270085409
4.03903987865385
4.541787717525781
1.0115888231413561
1.4866604021670882
1.6629466854961872
3.063405261580988
2.2016947687999826
2.005959387371307
2.0611170168431703
3.686346327791395
3.5713034462131708
2.7946512973703608
1.0530042772201114
3.358087363183942
1.9662301990175544
1.0349846080364467
2.100859844029936
1.7312397623225522
1.5025830248600673
4.263175329161259
3.4517934605681764
1.504513043776746
2.984444712384065
3.241439649147973
2.853812208279866
3.416178824867828
2.2344613038266847
1.7262394814744244
2.6809205104295875
3.3862503164174007
2.752497940641
2.5371606818147465
4.243771383511831
1.1512498499215327
4.121430985424277
3.7409993095911727
3.128763320116907
1.7080930061498663
2.708047376964014
1.3007865791987632
1.5998855061917947
4.981273667133706
3.460934142428132
1.1996407068076973
3.4140189173009636
3.350190478116529
2.9861419403942775
2.8344896553847176
2.841807328598792
1.0211126167592748
4.585315692836009
2.384864601526645
3.2526198753309705
1.7009371321869766
1.5698913988735037
3.8971209849575073
1.3135299119505794
1.6275487080992366
3.9188639690762828
4.984599811316267
2.668645518898969
1.7342465814481955
1.2265357207242316
3.329397474433414
1.9065289439034334
3.5733606173455725
3.8905654689925018
1.5815703682661408
3.6898516325370223
2.596836162058219
4.619539691015651
3.7867547721503607
3.1128363202370934
3.489220918050366
1.5931964204838955
4.133340485823437
1.6684443026853613
3.471145350703831
2.987338501784273
4.595491429425968
2.648671254762408
4.839042820153917
2.079377621279774
1.9584638092642375
2.3677237177848047
3.4795145418270597
4.779358371049868
4.747828548600404
3.289251798925666
3.694397065734282
3.1852173016922305
4.7443600901815906
1.9552210239342545
3.39524868473306
3.6399375121657873
4.051510956621549
4.555413959019166
1.5736277507735252
3.772166713488089
3.0925467914121447
4.042954984438575
1.9261898783606468
2.1307724323160815
3.4495741695917532
2.892662275948633
2.611289419835514
4.277713580154682
4.116847898515692
4.915432703078238
4.336425837816197
4.582515209524081
2.5259024418756835
3.9832765222696502
1.3235317889624159
1.4655386183398882
4.610207116403929
3.0860193414843717
2.1717571085569634
1.4661452070664036
1.2122025526187197
3.832100914641103
4.23505679806819
4.2657595802876
1.2957293067558435
2.3223018951132977
3.854550091336123
4.67474203694764
1.7120194279380763
4.266638976489366
1.633272530194588
2.595888831711754
2.677575169246502
2.28107264365762
4.913598604784003
2.1062833803412766
3.6574164932991304
1.4920809556707182
2.71527021882638
2.0531281102673913
4.007334899772961
3.8935558204694978
3.6146214361679863
4.938093433570839
2.5139481954436094
3.3418872001466053
4.393247301108241
2.3686265088641987
3.8815050836460183
1.6415045771469612
4.757018577403228
1.9835668690366726
2.24954791620767
3.864553651401184
1.0240039004505919
2.5143264912715804
1.985694229105964
3.864790744777631
3.4025131498218393
4.5217925597438935
2.282957316887382
4.887183663278469
3.3281360837970024
4.353022523946903
2.5011815269566235
3.241115213048748
1.3013024598307341
1.9907036555693192
3.7273212593616294
3.1964914417011685
3.7645509822616523
3.7222578169893814
4.689454688710661
4.578461160496982
1.7813440862798742
1.9343772764462588
4.944573716781178
2.97786265405304
2.6259300708393574
2.8426837283489377
3.1703508231916784
2.0609170928395635
1.8664017231709504
4.595109784756207
1.42624039955701
2.1530958049544644
2.1207641163735724
2.9415071155762247
1.409425816555887
3.088494038625117
1.388475635446977
3.5408928392572783
2.0162818107242932
2.257451089503654
4.707585165612888
4.9816510535105065
2.9301776359926794
4.851561564366897
1.8602431965508788
4.718914136478183
2.4916020689849017
4.4966303505155185
4.947021675343475
3.3872523842499263
1.7667478001716672
2.7805282398966713
4.87313379924943
1.3257092041981466
2.5158496274929583
3.624313867353954
1.1372999808584674
2.656123454951796
2.672726347288533
3.0113908882764213
4.7866639362361685
2.8845881827439
4.982132991512151
4.280878765180155
1.9988184729726348
3.7498005859354575
2.6016856464632085
4.007778519226988
3.47465647378874
1.9209633328753801
1.7602784868812718
1.4339242059685962
4.673419259366417
4.151806356414438
1.9750673998660742
1.4801147141667146
3.893970600447726
2.62620135500287
2.864252914195848
3.5612278818923806
1.3039813856888496
4.48474917420245
3.253048211128014
3.7425249280633404
4.241365311701811
4.900626765146699
3.0553783492585485
2.2167595982783586
4.459962210145134
3.576885696801511
3.324008931677385
1.6481121483666512
3.464123955727648
2.1663003229752724
4.896962073717857
4.620375781280318
2.6745103215449433
4.868771745786275
3.2282319386645026
2.2432272272135263
1.890062671366949
4.340197773855904
2.2759680321803644
2.9118217405519227
2.3587760282931027
2.050625761974405
3.731452897221208
4.281358191440239
1.7425487234707138
2.3584141817540907
1.4073541408206403
2.709664478986416
1.3590440301939561
4.821029757843659
4.263889879216271
2.737263684303074
1.306154040385887
3.6420188466948007
1.3367003834602738
2.6157827307931587
4.422313734306929
2.657593811441128
3.740376957498306
2.4619757077094753
1.5085679023541068
4.895184563702961
4.956753718872408
1.3060383610825226
3.835950962457251
1.4902080747686521
2.777225773635728
2.1192960141980746
4.684394890260549
1.6262189885527127
4.553512559713807
1.8477548247525717
1.5070379719531406
1.1675077746457356
3.821440678226988
2.544412181737167
2.2864623117234153
2.7821198704870134
2.8974790224103555
3.884626788046729
1.7470449708692972
2.60717634132455
2.707912759732275
2.665257809986955
1.3102627073226096
3.887281529806965
3.895700844130628
3.329686580773539
1.0274491851806533
2.520710682544556
2.1602168409814912
3.127241351176677
4.197155504946522
1.0769759796201779
3.820229825068959
4.206952327615783
1.9719261790246652
2.6032752582197776
2.750637504367734
2.7619695341603925
1.9819541701135317
1.4162356822173505
3.128621344579344
4.2823828602759315
3.8507386807133983
1.0792685264114135
3.8350481950787785
2.040589984209501
1.450522830840177
1.8947602962851104
3.892099812625966
1.12476381185036
2.8429469899249185
3.4942274919068335
3.978269075945605
4.652377477187326
4.073007264598816
2.48847467364518
2.8470149925219106
2.2371507998420106
4.332067380985805
2.643694732720349
3.385528607132451
1.3491897717683523
3.478326401506253
3.6783622200649386
3.0852146226659647
3.8994941290062437
2.5008024882673427
2.529674023266992
3.8556529447243495
1.1964177861729883
1.2355481286002195
3.8171979880041773
4.398957707004947
4.36307005617223
3.490468807107343
2.235298065257344
2.771609770564367
4.371054066324849
1.707774625473205
4.734807970226583
1.2959941701523623
2.037343554874093
1.3907468161985888
4.608334951704135
2.644029842733795
3.6475062490523786
3.744163251294699
2.9724783362919753
2.7004354555070846
2.309888188178279
1.325377692565282
3.6441566068677407
2.7233324319926724
2.711779377834846
3.9757065147589614
1.0371401569858465
4.355040719221581
1.6399872824833137
4.8994333469637095
1.4587959169382798
4.196079632306272
4.4446521355868
3.4803967595591905
2.065954461388148
1.940544718281818
2.5665415636435744
2.2737828269565106
2.7427164201301997
1.481183058368238
3.3144724315041048
2.5834014513086827
4.291922903416977
1.92765118128102
2.2709089085070437
4.13238113004334
3.5859193338360984
1.1415905706526823
1.0201974362679622
1.5578721057077978
4.7011484355142725
4.177317551533157
2.3353004493466774
3.8080058284807925
4.5650149167595275
2.9270751401968034
1.5253018635023134
1.9920139061678972
2.272371653739355
3.3049552785385274
4.3373582372405135
4.832065313000193
2.9828801124528868
2.4637529274021936
2.6231814097226898
4.588039378516619
4.189407778181561
4.824171756063565
4.921539804566088
2.174104504090954
4.151529978819649
4.105955399067724
2.1746747632417147
4.158632604751535
3.4171082938300663
1.0856777550216994
4.987934206815506
2.436633059953328
4.60882702557655
1.466078177000813
2.1583298127694643
3.5865473732688575
1.0314733781027106
1.0269861811964902
4.639134615675845
1.2709007078930346
1.1596529542004226
4.1380358233613235
2.674038926487687
1.5129655389180137
3.694540421671805
4.748526572237981
4.525792967453219
1.2792445196453368
4.63216891911091
2.129942663282877
3.0406688429291195
1.5202403314132407
3.6646713415216463
2.931800776543323
3.2314805764946226
2.6696340389009046
2.2397878807417526
4.521649535379231
4.128308941754971
3.5746491271159995
1.7328668837009809
2.1152049735106604
1.3374810223485722
3.928038276858338
1.4394857354959951
1.8627568389014035
3.0657645384477505
3.4947807505449204
2.4757305252981987
1.8431418982542387
3.8081393693302834
2.774240037040852
1.177074703830841
2.8267326654672726
4.463918404768365
3.2111831617315723
4.21570752069579
2.704049771374243
1.3373931033604132
4.666722568678633
1.4100647375955258
4.636758917326736
1.2955872484016502
3.5828955526974946
3.0792250692942793
1.2729723631134542
4.297109470591863
3.1222535628595396
2.7987380669956434
1.7789305343985036
3.5724967410694437
4.536490083322004
3.543357629843733
4.97429398048288
3.9278549901238753
1.1157910437148089
1.456061366807452
2.5184340997040375
1.9600008450587194
2.293248799794663
4.861641838654604
4.880266876327671
4.4127211994691375
3.826337092714446
4.647061049645775
3.7343291274930466
2.470170547362343
2.4500998036313573
1.7596683052791544
1.4609539450434705
2.4748320176429486
1.9943633324901882
2.3282858380834806
3.5885583930930154
1.3738764698801003
4.679938542273392
2.7910723885517603
3.3012120879496343
4.139157887226077
2.156433959249099
2.417983524135311
4.544811651858465
2.4724906734938163
3.8169589150973473
2.744551256381643
3.8003426595058154
1.2992615736308903
1.022650995253755
2.687613892334501
4.252867526729335
3.869832631103695
1.092618784355233
2.4925307925001396
1.870031724971665
3.7296006935154264
2.2625467457693684
1.1653261156241235
4.814039789320487
2.3849840615909326
4.287865747163247
2.6721083720562016
1.646207226149572
3.184011463144779
2.9650485193840046
3.9420229281171317
3.9433509961100697
4.746598642875011
4.567246893791341
2.588895695110986
3.2304368884961
3.220999602911826
2.0381406855092004
2.2706384832378954
4.54406050931143
3.70933007413551
2.760529451453178
4.734387074076472
1.476491671463232
1.3964626802004227
3.8138489193508875
3.8492534827990608
4.210170787868327
2.2330045351691763
2.857455174581329
2.307478049602377
2.8377011881571277
3.464468783721791
3.1241717379602507
4.1786735020498895
3.172537041007162
1.865162652079797
3.4812549933571058
4.130759760758629
3.2907242570477724
2.226717510239611
3.113584565084613
4.885095079726547
2.204205590099775
4.467594901306742
3.1065483610029765
4.352213198959612
3.3513609224102527
2.6713069349193312
2.053740266137407
2.898485110710305
3.0006057034449958
1.4274969618988855
3.7872523512931413
1.3229289800936876
1.1980306261494849
4.041432576019519
2.4259931493443463
3.3772973652660685
4.550219743082996
1.4938683221909708
3.160125513034357
3.041478165013374
1.9185405729103007
2.4746429490327584
4.537369033280343
2.270152596339189
2.0113570737040583
1.3797810382193472
1.4895714435656155
1.555557229652281
1.8957713255081905
2.853276737517298
3.935608406656613
1.4051062674992232
3.6106567813820636
4.271141681813228
3.519327177435729
3.7115345924704832
4.347902450687389
1.506706563157123
4.88890656207238
3.997129081508742
2.078942774648001
4.382572809454276
3.8966613821097567
2.6425217706921154
3.0388045071835403
2.406014352489339
3.1959759116489472
3.464425325582491
2.140058908435846
4.701039105805556
1.9347072482470624
3.3855955299555904
4.174222252457881
2.4917235510574587
4.592055707365056
3.444214779559125
2.5683064219162577
4.057841522968099
4.478555215413552
1.0187946054796995
1.4993736017431458
2.775212854603909
2.0164939865811156
3.898601563923089
4.3301105856923705
2.6696066853310083
4.640730331363914
2.708518044819407
4.613589364779756
2.854436499444109
4.007526697350323
1.201156299747642
1.3255404288962263
4.288894612852445
1.171679534768022
2.0579473496054588
1.517619873405578
1.4845761690656212
3.4898794498530106
3.0948365966243276
3.2453075773927633
2.105051287579375
4.230893570110359
3.1471206882368254
1.409231647831493
2.84425006573421
1.2208157458663305
4.411869588243183
1.0588676861997297
4.535929682487521
2.324288794834293
4.655281029094549
4.7427206021962816
1.1379025054179301
3.1602584141054715
2.446223111212095
2.6492510635745568
2.051105330414593
2.173473796076332
3.4561258403972634
4.5679660399189626
1.175001700775971
4.03060783512761
3.8692891573726147
3.1102471917717693
1.1672110356448595
2.282525332004113
2.076581070534276
4.1646510155701115
1.5666674513956496
2.331882342530287
4.07940562895652
3.221566314654908
4.756015524418263
1.9678996773938353
1.4097268463802566
4.987273403187266
4.180357151082333
1.0778058444492165
4.875841129526366
2.617606224433612
2.8058713819802334
4.617103381821422
1.0724970371832758
3.936572800721101
2.493231920792656
1.518468379912747
1.3478668232887014
3.165446672651766
2.7771572214569833
2.9417486558357457
2.798780747379008
3.972999130455934
2.4848307703763304
2.11518295532562
1.869542390502033
3.0676968256860384
1.6923387467190367
2.9906190326159527
1.2585477369112437
3.0878463067542032
2.7096751639610366
4.033165597534465
2.090838651254413
3.205822749636031
3.1012740419479714
4.688369179376714
3.693625623795254
3.6476778740497817
1.1904312662969279
1.4176618197360509
2.8157239747396847
4.239576619575068
3.062388197103949
1.665484833848975
4.760750956911133
1.1276681950560197
1.772252870744003
3.7191459300412646
2.6578383278071427
1.978155979147358
2.280341797346323
4.145127544762737
3.972522580007772
4.249484214567062
1.5789319583933343
2.3332173624324684
1.3643797851348105
1.5387156693525434
2.5408185942211428
1.6524890293688803
2.126878331823319
3.539334329248261
2.211479978412376
2.820819357241285
2.69882970918456
3.80785815970133
2.5830577509351995
3.3122802739613886
2.115723711919031
2.3218073324339756
4.3297665308844335
4.974405094756448
2.773140021580127
2.721728029827059
1.550754340402705
2.4999804586578813
4.503335196260101
1.1651276365030387
2.257838989267355
1.9956753275889105
2.72000922110108
4.8803346360045365
3.16195500830268
1.6124708622021515
1.2651640605243908
3.79345173860578
4.253549356311341
3.0505147313687377
1.5958702421082478
4.011728025207567
2.7385720327983143
1.7236779637792528
4.07766563034682
1.4818304335805093
1.083112635618988
4.466748486203567
2.4052170768145755
3.801653829888892
4.2361418288890285
2.890852059897411
4.549779131026938
1.9494620676588967
2.5412212543504347
3.840348305228777
1.1368942386935412
3.6043115206605507
3.414452529755644
1.8771049278738898
4.786682310849374
1.7668622010655026
2.5573421140355683
4.315709094853579
1.702973457241701
2.549840885791021
2.2896656499881143
3.0558328241767643
1.676447292044533
2.2925734531924538
2.5288195234962796
1.3056236450915297
4.67084373774775
2.5641626942202524
1.008557208114281
3.262648975008499
1.29022113808584
2.155042477977598
3.5214100842012495
4.916579306195652
2.6791395041102004
3.8167969506951387
2.285502508656404
4.360450565883421
4.786557144316053
4.29528680008586
2.9778740635561243
4.345002410858921
4.428131080809767
3.112285385179962
4.542830288959471
4.283246443945237
4.210521443284877
4.585978489324448
4.575248581393492
1.5100739511654862
2.135203573183052
2.740842509016357
4.895171295285396
2.3243680661839154
3.5781999483137743
2.042568625786853
2.871427353781783
2.1887436702625234
2.346048312696665
2.3038594063945554
2.118425294684725
3.4346919636583375
1.63723073330965
3.6420776556099725
1.381671931987309
1.918565869321835
4.992192300519601
3.029887007598585
2.7439729282444683
3.296495450221329
1.6939867829363777
1.7651767521298898
3.72568016418521
4.933982152610142
4.585490680360353
3.096722088715183
2.4187565612352966
4.938573160400056
2.8980344793867343
3.2771854909368847
2.4858351786257864
3.401677361667093
4.4402068095992355
3.4752223568389082
3.6718547774196866
2.658237545637565
4.374491478363828
2.2636100893478566
3.417262254979716
1.2206315670264796
3.8133054067172347
4.810474789335208
4.228176550590577
2.0158299300717966
2.594911218060926
1.43584820425016
3.650316495138448
3.652495590374885
2.8535837314820522
4.8559422450894125
3.009899651195148
1.667365702092689
3.377317147504621
4.222684091800189
3.52612755750734
3.0479128361762924
3.250265232811369
2.976214155431146
3.9662772647530358
3.8009394381910093
2.906012278922522
4.5632005103609075
4.705825707172341
3.934413743366322
3.471681425436708
3.2339854483947774
2.8724402707488714
4.94251493604867
1.1617894452792297
2.4167308423361127
4.194074879733659
3.731507573295554
4.484666877322754
4.576888768947352
3.2378170427435715
3.896725148721463
4.153166705351206
2.0054780845065285
2.917537040989539
2.358596443816474
2.8452911914191996
3.6398055495537527
4.4647986058144475
4.588306132596632
4.339273307286622
2.8054242123278432
4.498893391251981
3.0013362958911673
1.0515549796648629
4.67828042746643
2.398272233963793
4.569791938127155
1.6350110404509914
2.3011555843191487
4.86704714351235
3.302070805300224
2.0486731465770243
4.1486643544931905
3.4066497440829164
4.961092976502075
4.389115701051246
2.5202300079667777
2.344133036808529
1.2399618231440588
3.777570722008711
2.4506108062233953
2.13501419496006
2.5865853574988913
2.725744484815705
1.3627090173071186
2.8499582842092446
4.966442447124077
2.6572175108367784
4.347551002710218
2.0710116353493624
2.0753339998982328
3.640212929536681
2.7414814902528737
3.864500206174164
4.861617350376163
3.891424981221866
2.5807725177869605
3.0641109837405205
2.690076205044121
2.2395083830437184
4.549003616140144
1.789085874554186
3.077235665181227
1.4907309737496561
4.19272602672451
4.938859011671875
3.6505895976159892
4.518202814751522
4.466079285200566
4.346877915304587
4.8318603032672325
3.899997709454756
4.075186029721751
1.3427537814474655
4.71707014071911
2.0603914993157395
4.628306655493924
2.663292182605636
4.723860172317993
2.122347337932132
3.2578900327150913
2.9693627054380713
3.7991444571851543
4.058282268086948
1.165816369714645
2.6669718994981726
2.3278499154612375
2.230060712153661
2.453280860708351
2.2973092036755687
2.3561424324104303
1.0380597409311396
1.6319247634194616
4.451943769112509
2.34020104054919
1.1530638994156375
2.372977866609041
4.98575403751364
2.3542541816119114
3.683649859955807
2.3363288781941596
3.2415804429818964
3.5392511819690293
1.6356272507674556
3.331601800179242
2.0669955642850666
3.546197148212353
1.149010836442312
2.5984670683415567
2.594994761111942
1.8258351531802344
3.251902879451803
1.6535775205640242
2.0768140072520156
2.839017624850857
4.249572762884434
1.9366708523180187
3.496490478122768
1.6097630724023904
3.3709248044624593
1.3985409561333486
3.2631849692561774
2.5156520762999954
3.923454475026529
3.208732602163392
1.9686948007283283
2.807871633638556
2.9616969242966382
4.920973988460915
3.013987373772136
3.0758737776810703
4.353079349557078
1.719514394326104
4.849997540276647
3.719271451074307
1.1289941200892288
2.7796935151642854
2.644329959084905
1.4622481505030183
3.1378172812465412
1.3112229429538496
2.37692193739449
1.0434178305374284
3.270500848543179
4.512818279022767
2.684122313957707
4.436724068253561
3.908276760359499
3.451975193993567
1.2120518134486211
1.3066278662560302
4.745912970878221
4.793839807504369
4.806515087150416
3.8734840670332757
3.772872356979003
4.338280246229173
2.558140910529854
2.962670233123435
4.948627327223777
4.484421377943862
1.5378341372595261
1.733679451461318
2.9872928741776477
4.027062386217021
2.999028270009359
1.4330525098585585
3.67064435564342
3.0995512034916244
3.8896340002981136
1.4876757049362364
1.2374943739873734
4.612849621747689
4.7079858988036145
2.352630048886668
4.651308295019053
4.2006732484358364
2.0534951136611204
3.750431959306425
1.9268441427651792
3.46575390150321
2.6641223051765706
1.2861628674569725
4.200510539203073
4.232422076633973
3.299190978557128
4.895640856905652
2.8580395316858787
4.5458668988988755
1.5174686002502424
1.181444247996371
3.786980890282947
4.318586423156001
4.216848418052084
2.4142525302058937
4.700427709156754
3.809696802720666
3.743370240412823
3.8246268963670613
2.4822914737037562
1.5329257173057056
3.4437277386549243
3.7830088830312825
1.6333502310829116
1.7242714528612266
3.7268113750164393
4.563371269899315
2.15119874854656
1.1604655286224124
2.0162471744857666
4.608612464829539
3.5561386147898073
4.904532220684171
3.4172949043559555
4.563441178809067
3.2789484651150946
4.464896253436498
3.4878753523174186
2.813154959654129
4.2553849715433625
3.889643823308012
2.1949049441000525
3.8643717199064604
2.32616813886131
3.477700685755413
2.953519285774721
4.626430803248706
2.920112780788208
3.0738455740254307
2.588175784642622
3.4998344971933846
2.5019729358835487
3.324634760251282
3.121030653505832
3.1507599664104675
3.3954735597768444
3.807468274672548
2.484391865976172
1.9483246220120214
2.8459089131790885
1.6051868429059044
4.5704562900868915
3.263946341895983
4.565593707047567
2.683742103152291
1.472945210938751
4.1797959672608735
3.5093597175011264
3.3406409597701496
2.3416582372762087
3.625994968383386
4.256196587970521
4.027020745007811
1.9623739731687388
2.563867648421857
2.1270408350135246
3.0063675810565513
1.9909275856470492
3.555214677766124
4.047625362714946
2.5980464964012704
2.7117080955841706
1.9052285337404768
1.1692062736981792
2.1639693477776936
1.257217424412831
3.539330501978095
3.388890581775706
1.531881378777693
3.4167458847325625
1.871863382151426
3.165194482719674
4.2089039574400395
4.478619993741156
1.147230309660451
4.40336915209808
3.5241287839529516
3.9918880630720226
3.0817270834660975
3.6889356190861005
4.749211148970956
1.8997134467774672
1.1069717076022862
1.7767776558576402
2.2810720906147286
3.188152776704074
4.113490092774862
4.997047770473399
1.1309685365860034
3.010401676547008
3.31567364746317
1.1180467739457836
2.249353668289597
2.1879976139794945
1.7069819806154278
2.210145526051978
1.6261002227396606
2.056874671316127
1.5469174912098747
2.183720660485109
3.640819726288426
3.8175732747881668
3.4189571743367915
2.92798662663665
3.798164459785012
2.8653115720817457
2.621283138065832
4.356507156157863
2.7681566588574245
3.0170336644543854
2.999807338617323
2.1690817251263703
4.561744737520402
3.118954283200221
4.8056449962079935
4.76860289528788
2.7069431817564675
1.209527797106674
1.7568465865313918
3.5253914686363808
1.4510691655394168
3.2291737800220925
3.2068523589283386
4.460419164656932
2.299743583666464
2.2094982526412363
4.16979405853004
2.4227370359751688
1.613483570643505
1.941156875136984
2.925419713552778
2.9653329564261077
4.517866536659024
4.310911303927193
1.024078123579157
4.377548192857232
4.043403386849834
1.8148363917578538
1.734851989869517
2.7110886857129457
2.196415951420758
4.1960438458029135
2.3275885577623288
4.1405744918645855
1.5723680595213265
4.721690509093263
1.0522293524876392
1.6284747469740193
4.1582565035238055
1.3054513782442583
3.276500507556974
4.618184186187467
2.130825335930299
2.498036344201747
4.965676990912818
1.357901244011071
1.7425213595161986
4.309743754777113
3.53579590763753
3.4618762159362895
1.7972678822827794
4.895442968932826
4.084344124330708
3.444502322692331
4.753285235763141
2.323791130573375
1.1001070842862934
4.216629806252982
3.1503492716893824
3.9688881217860463
1.9765185391522944
2.912389411404783
4.844028560475806
4.503987983593342
3.000508065254072
1.9187172446299892
1.4396029454003911
3.0432841411181326
2.9615005484861867
1.608679722201014
1.3535179878235888
4.669197494202047
4.122876986046734
2.033604227653496
2.0903897910817757
3.3989983630062723
1.0208613504876385
4.707925036156551
1.6087275146480047
4.5860035307737315
2.4034572890493546
4.624563672404685
2.0586996391821653
2.8169922286977584
2.5947117311095234
4.76756593056402
4.710425776499706
2.5588938678165
3.667240300801338
2.642626578072868
4.55143056283049
1.1242049708027828
1.028605343146984
2.725036620491643
2.8170546377841466
2.965999887375745
2.3747947082646825
4.228496637677038
1.6277724446048811
4.879805854939699
1.4367016428336443
4.227144648460419
2.9425231924235877
3.3810183870039894
1.5431694235029987
1.9170521556473243
4.197318367787004
4.342941293024385
3.746813282125214
2.682351697453429
1.283543332902247
4.921939582765169
4.106492884020685
4.635061047290931
3.930530086826136
4.862600655901417
4.692964319428249
1.4265791947674895
3.0921309742999687
4.467206841154022
4.981894890749692
1.3827336977892504
4.59718182008061
3.8302258796134554
4.521082169363589
4.39316453488575
2.108898584541724
4.379933569503127
2.1063752528284856
2.489738771297308
1.3484072784564023
1.3356910473900396
1.1734493861013129
1.6775926915673942
2.572763673712458
4.380800742397998
1.7102456689861891
1.3363071352224352
3.4579757525335793
1.6672758197569602
3.717540853263457
1.3876280638564067
3.822697850583308
1.2102620135912439
2.0927682504091725
4.430047827962745
1.0384211287191123
3.796257255719677
1.7848704185710726
4.169472309682192
4.507142559512496
2.7206800995524256
1.1656158334031987
2.7291031127286205
1.2476498060283587
3.9867468478518786
4.785471860778446
1.8005715514402172
4.4167155396228
4.039019566202974
2.029780615972246
2.102265502646504
4.5016521886964505
2.671396449975284
1.6636404622452603
2.239699809911393
2.9558331359422785
2.4407217613330525
3.85155438908081
3.816682935500855
4.2089424447220125
4.733597446669042
4.960558554771062
4.524942736361779
2.268873785909998
4.57538598116842
2.303206032453454
2.9437772780923783
2.5423516525792875
3.336800270561892
3.94943128224049
3.9102061447978604
4.0365077811311245
4.684882226154006
4.833981840457232
1.5739998649756428
3.7637999500730825
2.4415775139595177
4.608757109994217
4.630875589788511
1.9578173462832726
1.4545213927592626
3.037051993537291
2.7310505330540473
3.6176719433052775
2.1510559824232334
3.1993578641602474
2.6892512236079984
4.933833595372251
2.137905663569975
1.378030737506863
3.876184721062606
2.308420363878525
4.025343350840555
1.2107936355232347
2.050382479378757
2.9681137813903535
3.5960871776457544
2.550692662289978
1.893232860242331
1.5780238118289738
2.505573547708571
2.442787837805943
4.638928929933185
4.799985131354411
4.891656998349843
2.725511658941464
2.444957906736548
3.3989224697277187
1.588196557972985
1.9872862946267151
3.5276711836197774
1.2860790106023048
3.0783914175491764
2.9566474201353032
3.5913759870709794
4.798057595640488
4.890137276783237
1.8767766880883636
1.7082970640869068
1.5457818573367854
4.8270797889608605
4.013003648957829
4.560664666143426
4.327639604257261
4.245448359448508
1.1644923326692975
3.8350881571648006
1.8862268399115263
3.5281590519966994
4.898984122696677
3.5632841965150703
4.698269441195398
4.974082564222357
1.202126398756067
1.3321321208906305
4.5224512175344795
4.511779407102837
2.330570448636428
1.5399367650687195
1.0900386856367557
2.9634088477473965
3.880679983243995
4.254685037134555
4.108344936406546
2.0259276450506545
1.43234750954025
1.7339882315586523
1.6572330565000328
1.7030977991947172
1.6000708369984982
2.295309230673957
1.0940157697961674
4.613230832838951
4.921101061677247
3.9789784778033206
3.7422643102739896
2.414001239173577
2.733125997592163
2.3254115196271368
1.9251944181029716
2.5270679613495073
1.0416124995981781
1.5918436997550005
2.314455950770853
1.411650883992674
1.3495849880985529
2.862806876058859
3.1003064569341534
3.8276119295904953
3.520275816763387
1.7624776254649879
4.149307291890704
1.8450011099647656
4.96573715818337
2.855932550075979
1.1008352347001478
2.798429381262856
1.802162282865079
3.3302546633528896
2.263860965830619
3.9510411057661368
3.0853192620298158
3.1753371891907234
3.2106000745558734
1.324261275123611
4.837156823866503
2.838141755182345
2.123799103282777
2.965900881298565
4.297297654001481
4.203070870537189
3.2395764749961464
4.870610423381357
2.680792013030377
4.7550225043958605
4.137892831020463
4.833076152844384
2.6961596766611677
3.9106002498930916
3.1678817400595514
3.7057609955627986
3.1754041655985787
4.756859430339093
3.9554304028231515
2.849398510113235
3.3903410956417313
1.815874178848206
2.725551630763439
3.0058540465160313
1.9772368791513242
3.9573193197364165
1.0822492349883719
3.389373292169075
1.8644118612085219
3.210164560315649
3.923733107852073
2.4836452282800106
1.1951165421101826
4.9784861252389625
3.330995404044515
1.8485125017080235
4.960647736462926
3.045307704320483
2.552918370050398
3.1815685954743005
4.90632553984333
1.7522868890464354
3.6212377554585915
2.946286704594045
2.245610995898582
1.87197140129663
3.663844453242755
4.069732753345509
4.815297174197912
3.943255528854103
2.6450602107554326
4.52932065132102
1.5273662739459821
3.2195715741174156
3.0466841014084913
4.089472930298953
2.320758294138835
1.8832598151146378
3.9137570674588655
1.0154588024823634
3.288955989112237
2.8084651267998884
1.7241528601872025
2.2830851942496473
2.256944279167601
2.9088155125988577
4.701257412468758
3.6193243326261855
1.8037609763168883
4.985042940515203
1.4741562859638973
1.6503671396792012
2.5745106148634997
2.991614475558856
3.399903234668217
3.499997407146954
1.6983697099492678
2.770347876508186
2.3976046353349316
3.3725899236282313
1.2267675201624484
2.55288956679162
4.804204704968132
4.971437945719378
3.728583985422453
2.9128437333139834
4.54701705029869
3.0445277358478866
2.5268612994716397
4.352242862081097
1.838201292501524
4.9162771470070545
2.5341828026216007
2.3359592728168326
4.631543110671341
1.555168001816996
2.241528253386541
4.341562424304914
1.2420488175124493
3.5436031967678208
4.1380721104054405
3.3710328155040363
3.814024096897203
4.257728791278647
3.687045864189686
3.37465062181199
1.733462033523927
4.631366417565019
3.9554436754771602
4.166281787681083
3.6157215069284803
3.0696075356653947
2.0930056891886415
4.663191689345365
2.159634478457367
4.3940280603113955
3.078569036051082
1.662423406454387
3.9443354385648193
1.1428867224042083
3.4995347344328365
2.8696812975002213
2.155262773299843
1.1160788601221752
1.6028530851312306
1.5255700805849206
2.260940112706553
4.74602117610984
1.4535875662971107
3.727943951445117
2.8222985087008516
2.692051288483137
4.7597724391654825
2.4280255640075676
1.9014595363422537
3.9973314323671443
3.7699369169483017
2.081864352558836
3.947054331850775
2.2136507599429005
2.622323583926232
3.0676063043868345
2.5683095972478314
1.0909294532387679
2.6224859650547185
3.2329553548623733
3.270288476708613
4.744631602881537
1.1486058639743084
1.3161133380503411
3.007830930322318
1.6557011603964127
2.2315278721852954
1.4873895141658164
4.3258923531756
1.4240419498787915
3.3291640393361615
3.8875796207055475
2.889138281293431
1.887968965372889
3.4125781106417366
2.7931184413327266
4.3638071370146605
4.038462135338824
4.203715922785893
1.916917400223089
3.9000100818692935
1.098463511402421
1.2524032260194917
3.357704841616885
2.872793529077464
2.203863229487496
4.51288949353661
4.839591444764164
3.07544494554605
2.3142247963118554
1.1778724941128647
1.1374927925785236
4.218680655441373
2.2977091341085534
4.750594613302483
1.9629424047098056
4.3745085895314855
4.57606096705825
3.68325674130887
2.0887405762907774
4.913717353146046
4.281927826053442
2.3826552008497726
2.1197852574021376
3.5210967297038236
3.57218897868901
4.981599208562052
4.071341409727216
1.0326532734457747
1.5573769322281201
3.9973256498937166
2.7949090503063805
2.1242395104260567
2.248681086983296
1.8457837711761576
2.29575767054106
4.291172421418567
1.9904282982196255
1.1533168398200537
1.1151010736620588
4.093571436611887
2.037343543120422
1.9049259607290168
1.2037918461620554
4.302305818789977
1.2522967640680744
3.6909574612390186
4.093321886848441
4.36559263808454
2.341652025878083
1.6617099257969743
2.673821621363259
3.5264477267543684
4.611738137172392
1.2721146647460988
4.517655909055728
4.9563456422407945
4.92136812334588
3.4962991918033426
1.441122064002824
4.4305998208727955
2.3217410095913342
4.9144996654904105
1.8756615248942676
2.3561342301195283
4.816463336807951
3.9224437307984608
3.6239009829885305
1.372469513167188
4.740838452809393
1.285983116587678
4.70474818714931
3.2819069723640633
2.450973458466365
2.361409502763435
1.245671938088576
2.725046426059853
4.329662717310675
1.5245451985252823
3.7592019341161658
2.802932884444936
4.55741119636825
4.699355452837921
4.644590826624777
1.7572823490106257
4.6633701919255826
3.3494855654218867
2.3844880852231394
3.855392244667225
2.5623590935456035
4.893782606145567
3.660379245171827
3.7865001428144716
1.6005596012817924
2.229517648254282
3.489452919807301
2.1615092096663573
2.0738693332309
4.894680274419816
1.4894617731939754
2.118155581307375
2.749310308894127
4.373373618204534
1.5070519404598897
1.5688497179513532
2.111296142843078
2.1459950591849517
2.098940585359034
4.2885781616874326
4.370963555213235
3.308542990321619
4.734227449678414
1.825411107583184
3.71818372292139
2.9330465630091713
1.090033138751925
3.1263150818152496
1.8622739452025079
2.8137720349180024
2.441562415393462
1.8061271471634512
4.5988360991551085
4.841515463782251
2.9015978020414726
4.147704087875015
2.9565545810072575